1 1 50 8 15 36
2 3 77 2 5 37
3 0 92 4 12 76
4 1 90 14 21 78
5 3 73 53 61 43 
6 0 85 11 14 24
7 0 74 5 8 58
8 2 80 6 15 11
9 1 10 77 83 25 
10 2 94 38 48 89
11 1 62 5 15 38
12 1 10 69 74 94 
13 0 59 26 34 49
14 0 48 13 14 48
15 3 64 35 43 61
16 2 68 4 10 63
17 1 100 12 22 60
18 3 47 28 34 38
19 3 95 19 28 81
20 3 84 23 26 72
21 2 6 93 103 25 
22 1 95 7 17 80
23 2 92 32 39 72
24 3 99 76 85 82
25 2 66 48 51 59
26 1 100 4 8 91
27 1 88 10 19 59
28 1 40 53 62 33 
29 0 32 27 31 95 
30 1 93 4 11 16
31 0 99 41 43 71
32 1 64 45 48 64
33 0 88 64 68 71
34 2 97 34 38 48
35 0 78 10 19 37
36 0 97 31 37 48
37 1 89 43 50 63
38 0 100 59 61 95
39 2 81 14 15 58
40 3 53 7 10 38
41 3 80 22 24 32
42 1 63 33 43 49
43 2 100 38 45 82
44 2 90 34 37 47
45 1 83 51 58 59 
46 3 18 73 76 70 
47 3 88 38 47 62
48 3 76 4 6 5
49 2 92 14 23 83
50 1 78 3 7 36
51 1 96 82 86 84
52 2 100 40 47 85
53 0 69 14 18 36
54 2 94 30 34 33
55 1 89 15 18 75
56 3 43 67 71 14 
57 0 67 23 27 61
58 3 100 32 39 78
59 1 5 43 48 51 
60 2 91 14 19 53
61 3 26 52 62 91 
62 3 78 19 26 28
63 3 61 17 22 47
64 0 52 4 7 9
65 3 80 18 27 30
66 1 67 6 16 30
67 0 47 6 8 32
68 3 83 41 46 69
69 0 93 45 47 72
70 0 76 33 38 40
71 0 98 96 104 22 
72 3 9 61 64 78 
73 3 59 18 26 52
74 1 94 3 11 16
75 2 91 30 39 69
76 0 93 13 23 19
77 2 90 17 25 87
78 0 50 76 84 26 
79 0 68 19 28 46
80 1 94 7 10 56
81 3 100 7 10 10
82 0 93 50 52 66
83 2 70 29 36 62
84 1 99 9 19 97
85 1 81 87 96 30 
86 0 36 78 79 20 
87 2 84 11 16 58
88 0 84 32 39 74
89 2 99 9 19 70
90 3 67 92 96 19 
91 3 34 16 21 26 
92 0 69 85 94 56 
93 0 26 2 8 4
94 2 77 54 56 68
95 0 69 19 28 40
96 2 19 44 53 78 
97 3 98 73 80 85
98 3 61 24 33 39
99 0 85 30 31 56
100 0 48 5 10 30

